0.010 7.5477e-01
0.020 9.8447e-01
0.030 1.1059e+00
0.040 1.1518e+00
0.050 2.5559e+00
0.060 5.5345e+00
0.070 7.6634e+00
0.080 3.8675e+00
0.090 2.5443e+00
0.100 1.6635e+00
0.110 2.0735e+00
0.120 3.5964e+00
0.130 2.8447e+00
0.140 2.7754e+00
0.150 2.6242e+00
0.160 2.4717e+00
0.170 2.4283e+00
0.180 2.7480e+00
0.190 2.4266e+00
0.200 1.6900e+00
0.210 2.3876e+00
0.220 2.5321e+00
0.230 2.6316e+00
0.240 3.2266e+00
0.250 2.9056e+00
0.260 5.5236e+00
0.270 4.0070e+00
0.280 5.3931e+00
0.290 4.1343e+00
0.300 3.4521e+00
0.310 1.8144e+00
0.320 1.6080e+00
0.330 1.4985e+00
0.340 2.8621e+00
0.350 2.1914e+00
0.360 2.7329e+00
0.370 3.7609e+00
0.380 8.2069e-01
0.390 1.9911e+00
0.400 2.0063e+00
0.410 4.7144e+00
0.420 1.7414e+00
0.430 1.0795e+00
0.440 5.2625e-01
0.450 6.0192e-01
0.460 2.3793e-01
0.470 5.1873e-01
0.480 4.1140e-01
0.490 3.8348e-01
0.500 2.4109e-01
0.510 2.4302e-01
0.520 1.4538e-01
0.530 2.4086e-01
0.540 1.6991e-01
0.550 1.7266e-01
0.560 3.2571e-02
0.570 5.7395e-02
0.580 6.0421e-02
0.590 6.4544e-02
0.600 9.1073e-02
0.610 1.0113e-01
0.620 2.9361e-01
0.630 4.4118e-01
0.640 6.7971e-02
0.650 1.1488e-01
0.660 1.6105e-01
0.670 5.8093e-01
0.680 1.9497e-01
0.690 1.3444e-01
0.700 2.1110e-01
0.710 1.6135e-01
0.720 1.4415e-01
0.730 8.5743e-02
0.740 6.1567e-02
0.750 1.4664e-01
0.760 1.7228e-01
0.770 2.3187e-01
0.780 1.0124e-01
0.790 9.1369e-02
0.800 5.1690e-01
0.810 9.4267e-02
0.820 5.3605e-01
0.830 5.7751e-02
0.840 1.1149e-02
0.850 4.9732e-02
0.860 1.3982e-01
0.870 3.2627e-02
0.880 1.0224e-01
0.890 1.4540e-01
0.900 1.5066e-01
0.910 1.4488e-01
0.920 5.0818e-02
0.930 2.2817e-01
0.940 2.3055e-01
0.950 3.0242e-01
0.960 2.3653e-01
0.970 4.5623e-01
0.980 2.1286e-01
0.990 3.3846e-01
1.000 2.8534e-01
1.010 2.8359e-01
1.020 4.5210e-01
1.030 3.6290e-01
1.040 2.9238e-01
1.050 5.1948e-01
1.060 3.4930e-01
1.070 5.4891e-01
1.080 6.1595e-01
1.090 5.3540e-01
1.100 4.5567e-01
1.110 5.0336e-01
1.120 8.0215e-01
1.130 1.2842e-01
1.140 1.6622e-01
1.150 4.6010e-01
1.160 5.5028e-01
1.170 6.2844e-01
1.180 3.3226e-01
1.190 8.3035e-01
1.200 8.5587e-01
1.210 1.2055e+00
1.220 7.0829e-01
1.230 8.5989e-01
1.240 1.6615e+00
1.250 1.2180e+00
1.260 1.7983e+00
1.270 1.1122e+00
1.280 1.5809e+00
1.290 2.1175e+00
1.300 2.1432e+00
1.310 2.6909e+00
1.320 3.4499e+00
1.330 2.0797e+00
1.340 3.1364e+00
1.350 2.8717e+00
1.360 3.6192e+00
1.370 4.1925e+00
1.380 3.1666e+00
1.390 3.3435e+00
1.400 2.6797e+00
1.410 4.7205e+00
1.420 6.8298e+00
1.430 2.4833e+00
1.440 3.3063e+00
1.450 2.9283e+00
1.460 2.6239e+00
1.470 2.1069e+00
1.480 2.3343e+00
1.490 3.3947e+00
1.500 3.3397e+00
1.510 3.2692e+00
1.520 4.5688e+00
1.530 6.0498e+00
1.540 8.1436e+00
1.550 9.8861e+00
1.560 6.7503e+00
1.570 2.3683e+00
1.580 1.7318e+00
1.590 2.8274e+00
1.600 2.7554e+00
1.610 3.7510e+00
1.620 2.1870e+00
1.630 1.7793e+00
1.640 1.1058e+00
1.650 2.2039e+00
1.660 2.9907e+00
1.670 2.4943e+00
1.680 3.8248e+00
1.690 6.3969e+00
1.700 5.8022e+00
1.710 7.5351e+00
1.720 5.9168e+00
1.730 6.4208e+00
1.740 6.6906e+00
1.750 7.3050e+00
1.760 1.1608e+01
1.770 9.2117e+00
1.780 8.2282e+00
1.790 1.8309e+01
1.800 1.9977e+01
1.810 1.4630e+01
1.820 1.1294e+01
1.830 9.5448e+00
1.840 8.8082e+00
1.850 8.5307e+00
1.860 4.8883e+00
1.870 4.4501e+00
1.880 2.9094e+00
1.890 3.9944e+00
1.900 6.7563e+00
1.910 5.7254e+00
1.920 6.2126e+00
1.930 3.1188e+00
1.940 1.3112e+00
1.950 1.2520e+00
1.960 3.3132e+00
1.970 4.3889e+00
1.980 4.6205e+00
1.990 3.6765e+00
2.000 2.2591e+00
2.010 3.1055e+00
2.020 3.0945e+00
2.030 3.9990e+00
2.040 2.8636e+00
2.050 3.0021e+00
2.060 3.0555e+00
2.070 4.3153e+00
2.080 5.4540e+00
2.090 3.5400e+00
2.100 2.9819e+00
2.110 2.5617e+00
2.120 4.2045e+00
2.130 2.9632e+00
2.140 3.4005e+00
2.150 4.7375e+00
2.160 4.2690e+00
2.170 6.3078e+00
2.180 3.7238e+00
2.190 3.9094e+00
2.200 6.4447e+00
2.210 4.5145e+00
2.220 5.2423e+00
2.230 5.7484e+00
2.240 7.3263e+00
2.250 5.2774e+00
2.260 6.0425e+00
2.270 4.7748e+00
2.280 4.6564e+00
2.290 3.0369e+00
2.300 3.8704e+00
2.310 4.6550e+00
2.320 2.7663e+00
2.330 5.6574e+00
2.340 5.7230e+00
2.350 5.6432e+00
2.360 3.8812e+00
2.370 4.8511e+00
2.380 9.2702e+00
2.390 9.1316e+00
2.400 8.6756e+00
2.410 7.6133e+00
2.420 5.8374e+00
2.430 3.5114e+00
2.440 4.0556e+00
2.450 2.2388e+00
2.460 2.5605e+00
2.470 2.0431e+00
2.480 2.0297e+00
2.490 3.6239e+00
2.500 3.8574e+00
2.510 3.2390e+00
2.520 2.5197e+00
2.530 3.9305e+00
2.540 2.6287e+00
2.550 2.3939e+00
2.560 1.9694e+00
2.570 2.7096e+00
2.580 5.0686e+00
2.590 2.8845e+00
2.600 3.9247e+00
2.610 3.7241e+00
2.620 3.7529e+00
2.630 2.4637e+00
2.640 1.5454e+00
2.650 2.1843e+00
2.660 2.0389e+00
2.670 2.2891e+00
2.680 2.6688e+00
2.690 4.0324e+00
2.700 2.7716e+00
2.710 3.0838e+00
2.720 5.0694e+00
2.730 5.3664e+00
2.740 5.9899e+00
2.750 1.8795e+00
2.760 2.3616e+00
2.770 1.8095e+00
2.780 1.6972e+00
2.790 2.2577e+00
2.800 2.2293e+00
2.810 2.4650e+00
2.820 1.5192e+00
2.830 2.8665e+00
2.840 1.3428e+00
2.850 1.6512e+00
2.860 2.3655e+00
2.870 2.2491e+00
2.880 2.6289e+00
2.890 3.4950e+00
2.900 2.1491e+00
2.910 2.9339e+00
2.920 2.6754e+00
2.930 2.7437e+00
2.940 1.5476e+00
2.950 2.1667e+00
2.960 2.1563e+00
2.970 2.1830e+00
2.980 2.6579e+00
2.990 1.6554e+00
3.000 1.6875e+00
3.010 2.1127e+00
3.020 1.4924e+00
3.030 1.8548e+00
3.040 2.5896e+00
3.050 2.6398e+00
3.060 2.0976e+00
3.070 1.1840e+00
3.080 1.6850e+00
3.090 2.8761e+00
3.100 2.7158e+00
3.110 7.6923e-01
3.120 9.0101e-01
3.130 1.0970e+00
3.140 8.8374e-01
3.150 1.0610e+00
3.160 8.9988e-01
3.170 1.3047e+00
3.180 8.2187e-01
3.190 1.4789e+00
3.200 1.8505e+00
3.210 1.4220e+00
3.220 8.3555e-01
3.230 1.0971e+00
3.240 6.2313e-01
3.250 8.1282e-01
3.260 5.5351e-01
3.270 6.2391e-01
3.280 4.4919e-01
3.290 7.3943e-01
3.300 5.0326e-01
3.310 1.1415e+00
3.320 5.6439e-01
3.330 6.6818e-01
3.340 7.7902e-01
3.350 7.4291e-01
3.360 6.7783e-01
3.370 4.7800e-01
3.380 6.7723e-01
3.390 7.2557e-01
3.400 4.3204e-01
3.410 3.4518e-01
3.420 5.8953e-01
3.430 4.9714e-01
3.440 7.6509e-01
3.450 1.9617e-01
3.460 2.8639e-01
3.470 2.5545e-01
3.480 4.9805e-01
3.490 2.8770e-01
3.500 2.8216e-01
3.510 4.3525e-01
3.520 2.2732e-01
3.530 1.6556e-01
3.540 1.3491e-01
3.550 1.7704e-01
3.560 3.6285e-01
3.570 8.7303e-02
3.580 1.5174e-01
3.590 1.8219e-01
3.600 6.2235e-02
3.610 1.3952e-01
3.620 1.2093e-01
3.630 2.4863e-01
3.640 9.6173e-02
3.650 7.9926e-02
3.660 9.1572e-02
3.670 6.7415e-02
3.680 1.5782e-01
3.690 3.8929e-02
3.700 9.6259e-02
3.710 6.0819e-02
3.720 6.2868e-02
3.730 1.1828e-03
3.740 3.9138e-02
3.750 6.4157e-02
3.760 5.4946e-02
3.770 4.3798e-02
3.780 6.2235e-02
3.790 1.8078e-02
3.800 1.3816e-02
3.810 2.1261e-02
3.820 1.4269e-02
3.830 1.1679e-02
3.840 1.6144e-02
3.850 2.6081e-02
3.860 2.8674e-02
3.870 3.7808e-02
3.880 1.5133e-03
3.890 4.3612e-03
3.900 1.7834e-02
3.910 9.7108e-03
3.920 3.8192e-03
3.930 0.0000e+00
3.940 5.3089e-03
3.950 2.9843e-03
3.960 1.8201e-03
3.970 0.0000e+00
3.980 7.9928e-03
3.990 0.0000e+00
4.000 7.5212e-04
4.010 5.8209e-03
4.020 8.2930e-04
4.030 1.4447e-03
4.040 5.8511e-03
4.050 0.0000e+00
4.060 0.0000e+00
4.070 0.0000e+00
4.080 0.0000e+00
4.090 0.0000e+00
4.100 0.0000e+00
4.110 0.0000e+00
4.120 0.0000e+00
4.130 8.5393e-04
4.140 0.0000e+00
4.150 0.0000e+00
4.160 0.0000e+00
4.170 0.0000e+00
4.180 0.0000e+00
4.190 0.0000e+00
4.200 0.0000e+00
4.210 0.0000e+00
4.220 9.9217e-04
4.230 0.0000e+00
4.240 0.0000e+00
4.250 0.0000e+00
4.260 0.0000e+00
4.270 0.0000e+00
4.280 0.0000e+00
4.290 0.0000e+00
4.300 0.0000e+00
4.310 0.0000e+00
4.320 0.0000e+00
4.330 0.0000e+00
4.340 0.0000e+00
4.350 0.0000e+00
4.360 0.0000e+00
4.370 1.3076e-03
4.380 0.0000e+00
4.390 0.0000e+00
4.400 0.0000e+00
4.410 0.0000e+00
4.420 0.0000e+00
4.430 0.0000e+00
4.440 0.0000e+00
4.450 0.0000e+00
4.460 0.0000e+00
4.470 0.0000e+00
4.480 0.0000e+00
4.490 0.0000e+00
4.500 0.0000e+00
4.510 0.0000e+00
4.520 0.0000e+00
4.530 0.0000e+00
4.540 0.0000e+00
4.550 0.0000e+00
4.560 0.0000e+00
4.570 0.0000e+00
4.580 0.0000e+00
4.590 0.0000e+00
4.600 0.0000e+00
4.610 0.0000e+00
4.620 0.0000e+00
4.630 0.0000e+00
4.640 0.0000e+00
4.650 0.0000e+00
4.660 0.0000e+00
4.670 0.0000e+00
4.680 0.0000e+00
4.690 0.0000e+00
4.700 0.0000e+00
4.710 0.0000e+00
4.720 0.0000e+00
4.730 0.0000e+00
4.740 0.0000e+00
4.750 0.0000e+00
4.760 0.0000e+00
4.770 0.0000e+00
4.780 0.0000e+00
4.790 0.0000e+00
4.800 0.0000e+00
4.810 0.0000e+00
4.820 0.0000e+00
4.830 0.0000e+00
4.840 0.0000e+00
4.850 0.0000e+00
4.860 0.0000e+00
4.870 0.0000e+00
4.880 0.0000e+00
4.890 0.0000e+00
4.900 0.0000e+00
4.910 0.0000e+00
4.920 0.0000e+00
4.930 0.0000e+00
4.940 0.0000e+00
4.950 0.0000e+00
4.960 0.0000e+00
4.970 0.0000e+00
4.980 0.0000e+00
4.990 0.0000e+00
